Sample	0	1	2	3	4	5	6	7	8	9	10	11	12	13	14	15	16	17	18	19	20	21	22	23	24	25	26
SRR9126859_1_clean	(15.0, 9.0)	(16.0, 45.0)	(17.0, 229.0)	(18.0, 460.0)	(19.0, 965.0)	(20.0, 1736.0)	(21.0, 3125.0)	(22.0, 5766.0)	(23.0, 10874.0)	(24.0, 19210.0)	(25.0, 32807.0)	(26.0, 52173.0)	(27.0, 77011.0)	(28.0, 108355.0)	(29.0, 150858.0)	(30.0, 211678.0)	(31.0, 300059.0)	(32.0, 422809.0)	(33.0, 609199.0)	(34.0, 956616.0)	(35.0, 1989297.0)	(36.0, 12560286.0)	(37.0, 5929031.0)				
SRR9126859_2_clean	(11.0, 1.0)	(12.0, 15.0)	(13.0, 127.0)	(14.0, 289.0)	(15.0, 609.0)	(16.0, 1095.0)	(17.0, 1953.0)	(18.0, 3588.0)	(19.0, 6091.0)	(20.0, 9850.0)	(21.0, 16116.0)	(22.0, 25326.0)	(23.0, 39100.0)	(24.0, 56290.0)	(25.0, 77527.0)	(26.0, 101000.0)	(27.0, 124665.0)	(28.0, 148439.0)	(29.0, 182305.0)	(30.0, 236178.0)	(31.0, 316337.0)	(32.0, 437848.0)	(33.0, 639491.0)	(34.0, 1073822.0)	(35.0, 2561624.0)	(36.0, 13406035.0)	(37.0, 3976877.0)
SRR9126934_1_clean	(14.0, 1.0)	(15.0, 9.0)	(16.0, 50.0)	(17.0, 169.0)	(18.0, 403.0)	(19.0, 779.0)	(20.0, 1575.0)	(21.0, 2981.0)	(22.0, 6072.0)	(23.0, 11725.0)	(24.0, 21241.0)	(25.0, 37695.0)	(26.0, 63409.0)	(27.0, 96394.0)	(28.0, 137064.0)	(29.0, 186970.0)	(30.0, 258661.0)	(31.0, 364028.0)	(32.0, 513179.0)	(33.0, 743822.0)	(34.0, 1172517.0)	(35.0, 2452241.0)	(36.0, 16850038.0)	(37.0, 7756589.0)			
SRR9126934_2_clean	(11.0, 2.0)	(12.0, 38.0)	(13.0, 194.0)	(14.0, 480.0)	(15.0, 771.0)	(16.0, 1214.0)	(17.0, 2072.0)	(18.0, 3346.0)	(19.0, 5770.0)	(20.0, 9681.0)	(21.0, 16271.0)	(22.0, 27540.0)	(23.0, 43547.0)	(24.0, 64968.0)	(25.0, 92002.0)	(26.0, 124004.0)	(27.0, 156481.0)	(28.0, 187453.0)	(29.0, 225727.0)	(30.0, 288074.0)	(31.0, 390350.0)	(32.0, 545099.0)	(33.0, 809649.0)	(34.0, 1373151.0)	(35.0, 3248846.0)	(36.0, 17920038.0)	(37.0, 5140844.0)
SRR9127010_1_clean	(15.0, 8.0)	(16.0, 67.0)	(17.0, 239.0)	(18.0, 575.0)	(19.0, 1139.0)	(20.0, 2069.0)	(21.0, 3732.0)	(22.0, 7359.0)	(23.0, 13643.0)	(24.0, 25353.0)	(25.0, 44622.0)	(26.0, 73333.0)	(27.0, 108408.0)	(28.0, 149259.0)	(29.0, 199853.0)	(30.0, 275201.0)	(31.0, 385363.0)	(32.0, 540284.0)	(33.0, 786395.0)	(34.0, 1251657.0)	(35.0, 2740184.0)	(36.0, 18467332.0)	(37.0, 7516682.0)				
SRR9127010_2_clean	(11.0, 3.0)	(12.0, 43.0)	(13.0, 207.0)	(14.0, 564.0)	(15.0, 1004.0)	(16.0, 1583.0)	(17.0, 2674.0)	(18.0, 4400.0)	(19.0, 7110.0)	(20.0, 11444.0)	(21.0, 18980.0)	(22.0, 31215.0)	(23.0, 49578.0)	(24.0, 73129.0)	(25.0, 104394.0)	(26.0, 141191.0)	(27.0, 175344.0)	(28.0, 207773.0)	(29.0, 249497.0)	(30.0, 319256.0)	(31.0, 430872.0)	(32.0, 603639.0)	(33.0, 900660.0)	(34.0, 1551836.0)	(35.0, 3827650.0)	(36.0, 19162925.0)	(37.0, 4715786.0)
SRR9127157_1_clean	(15.0, 4.0)	(16.0, 40.0)	(17.0, 143.0)	(18.0, 307.0)	(19.0, 635.0)	(20.0, 1139.0)	(21.0, 2270.0)	(22.0, 4430.0)	(23.0, 8826.0)	(24.0, 16642.0)	(25.0, 30380.0)	(26.0, 51028.0)	(27.0, 77665.0)	(28.0, 108996.0)	(29.0, 146061.0)	(30.0, 198320.0)	(31.0, 273991.0)	(32.0, 377749.0)	(33.0, 536967.0)	(34.0, 832167.0)	(35.0, 1690197.0)	(36.0, 11759141.0)	(37.0, 5655122.0)				
SRR9127157_2_clean	(11.0, 2.0)	(12.0, 15.0)	(13.0, 101.0)	(14.0, 248.0)	(15.0, 503.0)	(16.0, 722.0)	(17.0, 1004.0)	(18.0, 1544.0)	(19.0, 2502.0)	(20.0, 4505.0)	(21.0, 8172.0)	(22.0, 14696.0)	(23.0, 24811.0)	(24.0, 38688.0)	(25.0, 57140.0)	(26.0, 78832.0)	(27.0, 98949.0)	(28.0, 116144.0)	(29.0, 136357.0)	(30.0, 171231.0)	(31.0, 231517.0)	(32.0, 327185.0)	(33.0, 489124.0)	(34.0, 836065.0)	(35.0, 2033217.0)	(36.0, 13011225.0)	(37.0, 4087721.0)
SRR9127293_1_clean	(15.0, 4.0)	(16.0, 34.0)	(17.0, 99.0)	(18.0, 281.0)	(19.0, 607.0)	(20.0, 1304.0)	(21.0, 2833.0)	(22.0, 5769.0)	(23.0, 11607.0)	(24.0, 22516.0)	(25.0, 40430.0)	(26.0, 69198.0)	(27.0, 106389.0)	(28.0, 152467.0)	(29.0, 210493.0)	(30.0, 294363.0)	(31.0, 419158.0)	(32.0, 594242.0)	(33.0, 866931.0)	(34.0, 1372234.0)	(35.0, 2879271.0)	(36.0, 17100656.0)	(37.0, 6656564.0)				
SRR9127293_2_clean	(11.0, 5.0)	(12.0, 44.0)	(13.0, 186.0)	(14.0, 399.0)	(15.0, 782.0)	(16.0, 1262.0)	(17.0, 2088.0)	(18.0, 3958.0)	(19.0, 7217.0)	(20.0, 12479.0)	(21.0, 21508.0)	(22.0, 35785.0)	(23.0, 57055.0)	(24.0, 85952.0)	(25.0, 122494.0)	(26.0, 163919.0)	(27.0, 208027.0)	(28.0, 253755.0)	(29.0, 314787.0)	(30.0, 415413.0)	(31.0, 571270.0)	(32.0, 807076.0)	(33.0, 1205248.0)	(34.0, 2041210.0)	(35.0, 4645579.0)	(36.0, 16896337.0)	(37.0, 2933615.0)
SRR9127296_1_clean	(14.0, 1.0)	(15.0, 2.0)	(16.0, 10.0)	(17.0, 36.0)	(18.0, 99.0)	(19.0, 153.0)	(20.0, 333.0)	(21.0, 623.0)	(22.0, 1187.0)	(23.0, 2378.0)	(24.0, 4265.0)	(25.0, 7397.0)	(26.0, 12727.0)	(27.0, 19233.0)	(28.0, 27828.0)	(29.0, 39293.0)	(30.0, 55123.0)	(31.0, 78276.0)	(32.0, 110508.0)	(33.0, 157875.0)	(34.0, 242749.0)	(35.0, 475169.0)	(36.0, 2692942.0)	(37.0, 1151133.0)			
SRR9127296_2_clean	(12.0, 6.0)	(13.0, 31.0)	(14.0, 66.0)	(15.0, 117.0)	(16.0, 169.0)	(17.0, 313.0)	(18.0, 529.0)	(19.0, 934.0)	(20.0, 1614.0)	(21.0, 2695.0)	(22.0, 4487.0)	(23.0, 7206.0)	(24.0, 10984.0)	(25.0, 15866.0)	(26.0, 21621.0)	(27.0, 27042.0)	(28.0, 33198.0)	(29.0, 40026.0)	(30.0, 51108.0)	(31.0, 68653.0)	(32.0, 96083.0)	(33.0, 141536.0)	(34.0, 234637.0)	(35.0, 538469.0)	(36.0, 2922671.0)	(37.0, 859279.0)	
SRR9127369_1_clean	(14.0, 4.0)	(15.0, 12.0)	(16.0, 58.0)	(17.0, 167.0)	(18.0, 401.0)	(19.0, 871.0)	(20.0, 1409.0)	(21.0, 2552.0)	(22.0, 4849.0)	(23.0, 9292.0)	(24.0, 17091.0)	(25.0, 29844.0)	(26.0, 49172.0)	(27.0, 73294.0)	(28.0, 103109.0)	(29.0, 140498.0)	(30.0, 195345.0)	(31.0, 271628.0)	(32.0, 378292.0)	(33.0, 540104.0)	(34.0, 828023.0)	(35.0, 1642755.0)	(36.0, 11358535.0)	(37.0, 6413297.0)			
SRR9127369_2_clean	(11.0, 1.0)	(12.0, 12.0)	(13.0, 119.0)	(14.0, 308.0)	(15.0, 544.0)	(16.0, 902.0)	(17.0, 1404.0)	(18.0, 2456.0)	(19.0, 4115.0)	(20.0, 6751.0)	(21.0, 11562.0)	(22.0, 18871.0)	(23.0, 30293.0)	(24.0, 44697.0)	(25.0, 61656.0)	(26.0, 82739.0)	(27.0, 103251.0)	(28.0, 122857.0)	(29.0, 147257.0)	(30.0, 188803.0)	(31.0, 254978.0)	(32.0, 352859.0)	(33.0, 512383.0)	(34.0, 843884.0)	(35.0, 1904021.0)	(36.0, 12362658.0)	(37.0, 5001221.0)
SRR9127396_1_clean	(15.0, 7.0)	(16.0, 40.0)	(17.0, 152.0)	(18.0, 395.0)	(19.0, 872.0)	(20.0, 1782.0)	(21.0, 3596.0)	(22.0, 6960.0)	(23.0, 13424.0)	(24.0, 24388.0)	(25.0, 43548.0)	(26.0, 71363.0)	(27.0, 108278.0)	(28.0, 152830.0)	(29.0, 210414.0)	(30.0, 292285.0)	(31.0, 411541.0)	(32.0, 573293.0)	(33.0, 822031.0)	(34.0, 1294236.0)	(35.0, 2795937.0)	(36.0, 18774017.0)	(37.0, 7324413.0)				
SRR9127396_2_clean	(11.0, 2.0)	(12.0, 59.0)	(13.0, 247.0)	(14.0, 580.0)	(15.0, 1277.0)	(16.0, 2857.0)	(17.0, 6569.0)	(18.0, 13237.0)	(19.0, 23376.0)	(20.0, 37425.0)	(21.0, 55189.0)	(22.0, 78314.0)	(23.0, 110090.0)	(24.0, 151096.0)	(25.0, 197291.0)	(26.0, 247936.0)	(27.0, 303266.0)	(28.0, 365890.0)	(29.0, 450764.0)	(30.0, 587195.0)	(31.0, 790156.0)	(32.0, 1087147.0)	(33.0, 1591898.0)	(34.0, 2676901.0)	(35.0, 5917587.0)	(36.0, 16234188.0)	(37.0, 1995265.0)
